[[[5.8354688, -0.00046875], [25.638203, 7.7241406], [50.921406, 1.5405469], [5.8354688, -0.00046875]],
[[51.206562, 2.6323437], [26.671406, 8.7436719], [32.388203, 14.403828], [37.239766, 13.790547], [44.745625, 17.222188], [51.206562, 2.6323437]],
[[52.339375, 2.8667187], [45.919453, 17.897969], [55.190937, 21.606953], [61.630391, 16.995625], [52.339375, 2.8667187]],
[[71.987813, 11.710469], [71.353047, 19.300313], [88.802266, 18.351094], [71.987813, 11.710469]],
[[70.872578, 11.794453], [56.454609, 22.255391], [69.296406, 27.716328], [70.235859, 18.937031], [70.872578, 11.794453]],
[[37.169453, 15.149922], [-0.00046875, 20.993672], [24.306172, 24.163594], [37.169453, 15.149922]],
[[37.837422, 16.108906], [25.751484, 25.179219], [40.067891, 37.046406], [37.837422, 16.108906]],
[[39.177266, 16.384297], [41.382344, 36.954609], [66.913594, 28.003438], [39.177266, 16.384297]],
[[69.212422, 28.394063], [47.513203, 36.325703], [47.532734, 53.706562], [68.341328, 35.356953], [69.212422, 28.394063]],
[[46.179219, 36.776875], [12.853047, 62.806172], [46.233906, 54.087422], [46.179219, 36.776875]],
[[22.13625, 61.812031], [12.274922, 64.302266], [7.5307813, 78.690938], [22.13625, 61.812031]]]
